name: amrfinder
channels:
  - conda-forge
  - bioconda
dependencies:
  - _libgcc_mutex=0.1=conda_forge
  - _openmp_mutex=4.5=2_gnu
  - blast=2.16.0=hc155240_2
  - bzip2=1.0.8=h4bc722e_7
  - c-ares=1.34.6=hb03c661_0
  - ca-certificates=2025.4.26=hbd8a1cb_0
  - curl=8.17.0=h4e3cde8_1
  - entrez-direct=22.4=he881be0_0
  - gettext=0.22.5=he02047a_3
  - gettext-tools=0.22.5=he02047a_3
  - hmmer=3.4=hdbdd923_2
  - keyutils=1.6.1=h166bdaf_0
  - krb5=1.21.3=h659f571_0
  - libasprintf=0.22.5=he8f35ee_3
  - libasprintf-devel=0.22.5=he8f35ee_3
  - libcurl=8.17.0=h4e3cde8_1
  - libedit=3.1.20191231=he28a2e2_2
  - libev=4.33=hd590300_2
  - libgcc=14.1.0=h77fa898_1
  - libgcc-ng=14.1.0=h69a702a_1
  - libgettextpo=0.22.5=he02047a_3
  - libgettextpo-devel=0.22.5=he02047a_3
  - libgomp=14.1.0=h77fa898_1
  - libidn2=2.3.7=hd590300_0
  - libnghttp2=1.67.0=had1ee68_0
  - libsqlite=3.46.1=hadc24fc_0
  - libssh2=1.11.1=hcf80075_0
  - libstdcxx=14.1.0=hc0a3c3a_1
  - libstdcxx-ng=14.1.0=h4852527_1
  - libunistring=0.9.10=h7f98852_0
  - libxcrypt=4.4.36=hd590300_1
  - libzlib=1.3.1=h4ab18f5_1
  - ncbi-amrfinderplus=4.2.5=hf69ffd2_0
  - ncbi-vdb=3.1.1=h4ac6f70_1
  - ncurses=6.5=he02047a_1
  - openssl=3.6.0=h26f9b46_0
  - perl=5.32.1=7_hd590300_perl5
  - perl-archive-tar=2.40=pl5321hdfd78af_0
  - perl-carp=1.50=pl5321hd8ed1ab_0
  - perl-common-sense=3.75=pl5321hd8ed1ab_0
  - perl-compress-raw-bzip2=2.201=pl5321h166bdaf_0
  - perl-compress-raw-zlib=2.202=pl5321h166bdaf_0
  - perl-encode=3.21=pl5321hd590300_0
  - perl-exporter=5.74=pl5321hd8ed1ab_0
  - perl-exporter-tiny=1.002002=pl5321hd8ed1ab_0
  - perl-extutils-makemaker=7.70=pl5321hd8ed1ab_0
  - perl-io-compress=2.201=pl5321hdbdd923_2
  - perl-io-zlib=1.14=pl5321hdfd78af_0
  - perl-json=4.10=pl5321hdfd78af_1
  - perl-json-xs=4.03=pl5321h4ac6f70_3
  - perl-list-moreutils=0.430=pl5321hdfd78af_0
  - perl-list-moreutils-xs=0.430=pl5321h031d066_2
  - perl-parent=0.241=pl5321hd8ed1ab_0
  - perl-pathtools=3.75=pl5321h166bdaf_0
  - perl-scalar-list-utils=1.63=pl5321h166bdaf_0
  - perl-storable=3.15=pl5321h166bdaf_0
  - perl-types-serialiser=1.01=pl5321hdfd78af_0
  - rpsbproc=0.5.0=h6a68c12_0
  - wget=1.21.4=hda4d442_0
  - zlib=1.3.1=h4ab18f5_1
  - zstd=1.5.7=hb8e6e7a_2
